marital_status
-----------------------------------------------------
Frequency
marital_status
1    3919
2     379
3       4
4      91
5      25
6       6
Name: count, dtype: int64
Percentages
marital_status
1    0.885850
2    0.085669
3    0.000904
4    0.020570
5    0.005651
6    0.001356
Name: proportion, dtype: float64


application_mode
-----------------------------------------------------
Frequency
application_mode
1     1708
2        3
5       16
7      139
10      10
15      30
16      38
17     872
18     124
26       1
27       1
39     785
42      77
43     312
44     213
51      59
53      35
57       1
Name: count, dtype: int64
Percentages
application_mode
1     0.386076
2     0.000678
5     0.003617
7     0.031420
10    0.002260
15    0.006781
16    0.008590
17    0.197107
18    0.028029
26    0.000226
27    0.000226
39    0.177441
42    0.017405
43    0.070524
44    0.048146
51    0.013336
53    0.007911
57    0.000226
Name: proportion, dtype: float64


course
-----------------------------------------------------
Frequency
course
33       12
171     215
8014    215
9003    210
9070    226
9085    337
9119    170
9130    141
9147    380
9238    355
9254    252
9500    766
9556     86
9670    268
9773    331
9853    192
9991    268
Name: count, dtype: int64
Percentages
course
33      0.002712
171     0.048599
8014    0.048599
9003    0.047468
9070    0.051085
9085    0.076175
9119    0.038427
9130    0.031872
9147    0.085895
9238    0.080244
9254    0.056962
9500    0.173146
9556    0.019439
9670    0.060579
9773    0.074819
9853    0.043400
9991    0.060579
Name: proportion, dtype: float64


daytime/evening_attendance	
-----------------------------------------------------
Frequency
daytime/evening_attendance\t
0     483
1    3941
Name: count, dtype: int64
Percentages
daytime/evening_attendance\t
0    0.109177
1    0.890823
Name: proportion, dtype: float64


previous_qualification
-----------------------------------------------------
Frequency
previous_qualification
1     3717
2       23
3      126
4        8
5        1
6       16
9       11
10       4
12      45
14       1
15       2
19     162
38       7
39     219
40      40
42      36
43       6
Name: count, dtype: int64
Percentages
previous_qualification
1     0.840190
2     0.005199
3     0.028481
4     0.001808
5     0.000226
6     0.003617
9     0.002486
10    0.000904
12    0.010172
14    0.000226
15    0.000452
19    0.036618
38    0.001582
39    0.049503
40    0.009042
42    0.008137
43    0.001356
Name: proportion, dtype: float64


nacionality
-----------------------------------------------------
Frequency
nacionality
1      4314
2         2
6        13
11        3
13        1
14        1
17        1
21        2
22       13
24        5
25        2
26       14
32        1
41       38
62        2
100       3
101       2
103       3
105       2
108       1
109       1
Name: count, dtype: int64
Percentages
nacionality
1      0.975136
2      0.000452
6      0.002939
11     0.000678
13     0.000226
14     0.000226
17     0.000226
21     0.000452
22     0.002939
24     0.001130
25     0.000452
26     0.003165
32     0.000226
41     0.008590
62     0.000452
100    0.000678
101    0.000452
103    0.000678
105    0.000452
108    0.000226
109    0.000226
Name: proportion, dtype: float64


mother's_qualification
-----------------------------------------------------
Frequency
mother's_qualification
1     1069
2       83
3      438
4       49
5       21
6        4
9        8
10       3
11       3
12      42
14       2
18       1
19     953
22       1
26       1
27       1
29       3
30       3
34     130
35       3
36       3
37    1009
38     562
39       8
40       9
41       6
42       4
43       4
44       1
Name: count, dtype: int64
Percentages
mother's_qualification
1     0.241637
2     0.018761
3     0.099005
4     0.011076
5     0.004747
6     0.000904
9     0.001808
10    0.000678
11    0.000678
12    0.009494
14    0.000452
18    0.000226
19    0.215416
22    0.000226
26    0.000226
27    0.000226
29    0.000678
30    0.000678
34    0.029385
35    0.000678
36    0.000678
37    0.228074
38    0.127034
39    0.001808
40    0.002034
41    0.001356
42    0.000904
43    0.000904
44    0.000226
Name: proportion, dtype: float64


father's_qualification
-----------------------------------------------------
Frequency
father's_qualification
1      904
2       68
3      282
4       39
5       18
6        2
9        5
10       2
11      10
12      38
13       1
14       4
18       1
19     968
20       1
22       4
25       1
26       2
27       1
29       3
30       4
31       1
33       1
34     112
35       2
36       8
37    1209
38     702
39      20
40       5
41       2
42       1
43       2
44       1
Name: count, dtype: int64
Percentages
father's_qualification
1     0.204340
2     0.015371
3     0.063743
4     0.008816
5     0.004069
6     0.000452
9     0.001130
10    0.000452
11    0.002260
12    0.008590
13    0.000226
14    0.000904
18    0.000226
19    0.218807
20    0.000226
22    0.000904
25    0.000226
26    0.000452
27    0.000226
29    0.000678
30    0.000904
31    0.000226
33    0.000226
34    0.025316
35    0.000452
36    0.001808
37    0.273282
38    0.158680
39    0.004521
40    0.001130
41    0.000452
42    0.000226
43    0.000452
44    0.000226
Name: proportion, dtype: float64


mother's_occupation
-----------------------------------------------------
Frequency
mother's_occupation
0       144
1       102
2       318
3       351
4       817
5       530
6        91
7       272
8        36
9      1577
10        4
90       70
99       17
122       2
123       7
125       1
131       1
132       3
134       4
141       8
143       3
144       6
151       3
152       2
153       2
171       1
173       1
175       5
191      26
192       5
193       4
194      11
Name: count, dtype: int64
Percentages
mother's_occupation
0      0.032550
1      0.023056
2      0.071881
3      0.079340
4      0.184675
5      0.119801
6      0.020570
7      0.061483
8      0.008137
9      0.356465
10     0.000904
90     0.015823
99     0.003843
122    0.000452
123    0.001582
125    0.000226
131    0.000226
132    0.000678
134    0.000904
141    0.001808
143    0.000678
144    0.001356
151    0.000678
152    0.000452
153    0.000452
171    0.000226
173    0.000226
175    0.001130
191    0.005877
192    0.001130
193    0.000904
194    0.002486
Name: proportion, dtype: float64


father's_occupation
-----------------------------------------------------
Frequency
father's_occupation
0       128
1       134
2       197
3       384
4       386
5       516
6       242
7       666
8       318
9      1010
10      266
90       65
99       19
101       1
102       2
103       4
112       2
114       1
121       1
122       2
123       3
124       1
131       1
132       1
134       1
135       3
141       1
143       1
144       8
151       2
152       3
153       1
154       1
161       1
163       5
171       8
172       2
174       1
175       4
181       3
182       2
183       3
192       6
193      15
194       2
195       1
Name: count, dtype: int64
Percentages
father's_occupation
0      0.028933
1      0.030289
2      0.044530
3      0.086799
4      0.087251
5      0.116637
6      0.054702
7      0.150542
8      0.071881
9      0.228300
10     0.060127
90     0.014693
99     0.004295
101    0.000226
102    0.000452
103    0.000904
112    0.000452
114    0.000226
121    0.000226
122    0.000452
123    0.000678
124    0.000226
131    0.000226
132    0.000226
134    0.000226
135    0.000678
141    0.000226
143    0.000226
144    0.001808
151    0.000452
152    0.000678
153    0.000226
154    0.000226
161    0.000226
163    0.001130
171    0.001808
172    0.000452
174    0.000226
175    0.000904
181    0.000678
182    0.000452
183    0.000678
192    0.001356
193    0.003391
194    0.000452
195    0.000226
Name: proportion, dtype: float64


displaced
-----------------------------------------------------
Frequency
displaced
0    1998
1    2426
Name: count, dtype: int64
Percentages
displaced
0    0.451627
1    0.548373
Name: proportion, dtype: float64


educational_special_needs
-----------------------------------------------------
Frequency
educational_special_needs
0    4373
1      51
Name: count, dtype: int64
Percentages
educational_special_needs
0    0.988472
1    0.011528
Name: proportion, dtype: float64


debtor
-----------------------------------------------------
Frequency
debtor
0    3921
1     503
Name: count, dtype: int64
Percentages
debtor
0    0.886302
1    0.113698
Name: proportion, dtype: float64


tuition_fees_up_to_date
-----------------------------------------------------
Frequency
tuition_fees_up_to_date
0     528
1    3896
Name: count, dtype: int64
Percentages
tuition_fees_up_to_date
0    0.119349
1    0.880651
Name: proportion, dtype: float64


gender
-----------------------------------------------------
Frequency
gender
0    2868
1    1556
Name: count, dtype: int64
Percentages
gender
0    0.648282
1    0.351718
Name: proportion, dtype: float64


scholarship_holder
-----------------------------------------------------
Frequency
scholarship_holder
0    3325
1    1099
Name: count, dtype: int64
Percentages
scholarship_holder
0    0.751582
1    0.248418
Name: proportion, dtype: float64


international
-----------------------------------------------------
Frequency
international
0    4314
1     110
Name: count, dtype: int64
Percentages
international
0    0.975136
1    0.024864
Name: proportion, dtype: float64


target
-----------------------------------------------------
Frequency
target
Dropout     1421
Enrolled     794
Graduate    2209
Name: count, dtype: int64
Percentages
target
Dropout     0.321203
Enrolled    0.179476
Graduate    0.499322
Name: proportion, dtype: float64


